0 0.930799 0.842711 0.137393 0.244330
1 0.654954 0.535771 0.052421 0.159796
1 0.493296 0.692461 0.051049 0.173363
1 0.859340 0.621872 0.052233 0.149964
1 0.584238 0.674292 0.045191 0.143186
1 0.954569 0.505140 0.047317 0.154749
1 0.547800 0.642786 0.048326 0.153192
1 0.642221 0.677684 0.057200 0.161234
1 0.328461 0.886151 0.059010 0.166325
1 0.836104 0.378860 0.050308 0.172904
1 0.831818 0.183145 0.048117 0.138194
1 0.341059 0.367680 0.037002 0.167416
1 0.415620 0.903423 0.039846 0.154090
1 0.904176 0.424180 0.048840 0.144997
1 0.781812 0.184837 0.039845 0.134720
1 0.588780 0.102519 0.036559 0.139025
1 0.450877 0.278664 0.037320 0.154689
1 0.744082 0.539077 0.064603 0.161191
1 0.200881 0.903102 0.048942 0.126555
1 0.406211 0.704288 0.055915 0.149242
1 0.375844 0.380668 0.031115 0.135656
1 0.530713 0.511077 0.071178 0.191610
1 0.410527 0.369974 0.057218 0.142753
1 0.658967 0.082517 0.033113 0.160036
1 0.587370 0.394373 0.039321 0.153091