1 0.913420 0.693084 0.170892 0.584080
1 0.650329 0.705456 0.179803 0.570730
1 0.349206 0.679396 0.125630 0.621192
1 0.039441 0.678132 0.078882 0.594190
1 0.779605 0.610817 0.103984 0.514095
0 0.406168 0.444294 0.063169 0.098052
1 0.135590 0.478995 0.033368 0.137077
1 0.702255 0.585140 0.068565 0.404606
1 0.168081 0.454299 0.018075 0.087639
0 0.256778 0.498405 0.111008 0.152213
1 0.838251 0.492379 0.033344 0.140125
0 0.489190 0.417987 0.032094 0.051106
1 0.878532 0.582670 0.084733 0.409264
0 0.284421 0.555022 0.114496 0.189044
1 0.978111 0.610705 0.043277 0.480404
0 0.320834 0.524049 0.182451 0.216130
6 0.063387 0.445394 0.109143 0.175783