0 0.0605703704059124 0.5241550207138062 0.1211407408118248 0.4760802090167999
0 0.9313098788261414 0.6845772862434387 0.1352197825908661 0.6259747743606567
0 0.40860244631767273 0.415252149105072 0.06471678614616394 0.1609807014465332
0 0.3121193051338196 0.39102327823638916 0.07153625786304474 0.14918336272239685
0 0.503742516040802 0.3779694437980652 0.0568414144217968 0.11101074516773224
0 0.8285298943519592 0.5481119155883789 0.19908221065998077 0.39936691522598267
0 0.9341412782669067 0.41224902868270874 0.07622555643320084 0.15769988298416138
0 0.2157602608203888 0.3673551678657532 0.05019879341125488 0.06607222557067871
0 0.7864580154418945 0.4105762541294098 0.1204175129532814 0.21536847949028015
0 0.4495158791542053 0.380465567111969 0.03875274583697319 0.09425858408212662
0 0.5852984189987183 0.364200234413147 0.025107046589255333 0.06122010946273804
0 0.16664786636829376 0.3786660134792328 0.05620765686035156 0.08800782263278961
0 0.16655901074409485 0.36436885595321655 0.05206231400370598 0.0562201589345932
0 0.6826231479644775 0.3843619227409363 0.07893907278776169 0.11822547763586044
