0 0.6958262920379639 0.5260424613952637 0.14504879713058472 0.3325866162776947
0 0.8247566223144531 0.3062422573566437 0.06022713705897331 0.1167130395770073
0 0.7424627542495728 0.3219454884529114 0.052372004836797714 0.11695596575737
0 0.4157431423664093 0.41451674699783325 0.09007188677787781 0.16776645183563232
0 0.5228459239006042 0.38200828433036804 0.09404545277357101 0.18692316114902496
0 0.6209477186203003 0.34861114621162415 0.06559170037508011 0.11216982454061508
0 0.24323642253875732 0.4942089915275574 0.11929748952388763 0.21576480567455292
0 0.45915302634239197 0.3673643171787262 0.052260205149650574 0.15233173966407776
0 0.02973955124616623 0.5075851082801819 0.05947910249233246 0.3055201768875122
0 0.2961690425872803 0.4606396555900574 0.07331618666648865 0.15884429216384888
