0 0.14254434406757355 0.8212589621543884 0.16588473320007324 0.35542306303977966
0 0.4530806541442871 0.5597065091133118 0.04765051230788231 0.2728486955165863
0 0.19792073965072632 0.6562411785125732 0.06216926500201225 0.26095402240753174
0 0.11384299397468567 0.631510853767395 0.08918461948633194 0.36786115169525146
0 0.9515720009803772 0.7629384994506836 0.09642596542835236 0.453981876373291
0 0.6935843229293823 0.5145240426063538 0.02700463868677616 0.15767495334148407
0 0.4973113536834717 0.586719810962677 0.05369473248720169 0.3014661371707916
0 0.59684157371521 0.5019681453704834 0.02885095216333866 0.1875850260257721
0 0.05151790753006935 0.6475818157196045 0.05782030150294304 0.383022278547287
0 0.40495359897613525 0.5239933729171753 0.032999906688928604 0.16714374721050262
0 0.5283613204956055 0.5209711194038391 0.026456665247678757 0.16863219439983368
0 0.25061294436454773 0.6667267084121704 0.04321926832199097 0.1729518473148346
0 0.7299928069114685 0.4939560890197754 0.030571654438972473 0.19004566967487335
0 0.5661492943763733 0.512725830078125 0.02810821495950222 0.1718469262123108
0 0.3415069878101349 0.502604603767395 0.022771911695599556 0.13237826526165009
0 0.5668789148330688 0.5124692916870117 0.02864227257668972 0.1751256138086319
0 0.020779358223080635 0.5947016477584839 0.024663537740707397 0.1939314305782318
0 0.566293478012085 0.5141339898109436 0.027860473841428757 0.16905933618545532
