0 0.7589725852012634 0.5834912061691284 0.14586080610752106 0.3186565041542053
0 0.6049690246582031 0.5481177568435669 0.09706395119428635 0.28480643033981323
0 0.35102275013923645 0.48490262031555176 0.12266851961612701 0.19939471781253815
0 0.15302976965904236 0.47501257061958313 0.14954784512519836 0.23546533286571503
0 0.4189433157444 0.339943528175354 0.050600115209817886 0.12931466102600098
0 0.640084445476532 0.35570028424263 0.0691932737827301 0.14365175366401672
0 0.22721518576145172 0.45042330026626587 0.07986000180244446 0.18261034786701202
0 0.3666963279247284 0.38975420594215393 0.0858660414814949 0.15851932764053345
0 0.5791164636611938 0.37940993905067444 0.11790885031223297 0.11772757768630981
0 0.4989975094795227 0.3563168942928314 0.044877346605062485 0.11291453242301941
0 0.6838548183441162 0.554218590259552 0.08740782737731934 0.3025180995464325
0 0.862411379814148 0.5456725358963013 0.11072614789009094 0.3148936331272125
0 0.7969467639923096 0.435112863779068 0.06695556640625 0.10067330300807953
0 0.7008546590805054 0.323863685131073 0.04923248291015625 0.1163567528128624
0 0.9256545901298523 0.6690069437026978 0.14854411780834198 0.6619861721992493
