0 0.2474673092365265 0.6837038993835449 0.2328941822052002 0.6319818496704102
0 0.13238497078418732 0.523951530456543 0.10908660292625427 0.29578179121017456
0 0.6898847222328186 0.7211902737617493 0.17472684383392334 0.538057804107666
0 0.8282596468925476 0.5176312923431396 0.11807065457105637 0.28427761793136597
0 0.5950702428817749 0.5875874757766724 0.11892514675855637 0.3424718677997589
0 0.9060412049293518 0.5089438557624817 0.10543207824230194 0.27232763171195984
0 0.5164159536361694 0.49272745847702026 0.06436111032962799 0.23649011552333832
0 0.3316500186920166 0.4431819021701813 0.06153121590614319 0.17535677552223206
0 0.39613252878189087 0.49164825677871704 0.06349168717861176 0.226776584982872
0 0.06469237804412842 0.48638734221458435 0.09505113214254379 0.2537200152873993
0 0.9798526763916016 0.580115556716919 0.03935059532523155 0.30396825075149536
0 0.4427877366542816 0.4882648289203644 0.07899223268032074 0.24297304451465607
0 0.17027835547924042 0.3930923044681549 0.03788858279585838 0.0829138457775116
0 0.5876750946044922 0.4153425693511963 0.052075766026973724 0.09338340908288956
0 0.028842192143201828 0.48391175270080566 0.05688462778925896 0.24832287430763245
