0 0.8772876262664795 0.5806406140327454 0.2217661589384079 0.39981505274772644
0 0.5893324017524719 0.3993239402770996 0.09653547406196594 0.2032015025615692
0 0.6640667915344238 0.34556421637535095 0.07501424849033356 0.14683671295642853
0 0.7460529804229736 0.5584657192230225 0.10336238890886307 0.31653404235839844
0 0.38342753052711487 0.37935787439346313 0.09386426955461502 0.14550964534282684
0 0.17922788858413696 0.48366379737854004 0.152103990316391 0.2499598264694214
0 0.49754074215888977 0.4299747347831726 0.08815570920705795 0.18374423682689667
0 0.43956467509269714 0.33199256658554077 0.04769795387983322 0.12737514078617096
0 0.7247992157936096 0.3141394853591919 0.05111893638968468 0.11595845967531204
0 0.6635349988937378 0.5380412936210632 0.10699338465929031 0.2734609544277191
0 0.8367615938186646 0.4335367679595947 0.17469532787799835 0.11670217663049698
0 0.25172343850135803 0.4413989186286926 0.08027447015047073 0.17693527042865753
0 0.6599121689796448 0.5845844745635986 0.09400152415037155 0.18636557459831238
