0 0.6967915892601013 0.16638609766960144 0.10524430871009827 0.24779993295669556
0 0.9192799925804138 0.2484748363494873 0.15991321206092834 0.3370664119720459
0 0.7745785117149353 0.16006125509738922 0.08531837165355682 0.17366230487823486
0 0.5615564584732056 0.12947595119476318 0.045924119651317596 0.1407097429037094
0 0.32365939021110535 0.10417594760656357 0.06599272042512894 0.11273610591888428
0 0.18574224412441254 0.06007468327879906 0.07352837920188904 0.07300755381584167
0 0.4117315113544464 0.10629373788833618 0.04724634811282158 0.07835099846124649
0 0.6199693083763123 0.14218498766422272 0.04839908331632614 0.05957670882344246
0 0.9590364098548889 0.3261827826499939 0.08127538859844208 0.2283572256565094
0 0.3851141929626465 0.10260273516178131 0.02694188617169857 0.06672852486371994
