0 0.08064570277929306 0.3313188850879669 0.158551886677742 0.3311207592487335
0 0.47432515025138855 0.2603908181190491 0.1310669332742691 0.18789130449295044
0 0.6399970054626465 0.24735383689403534 0.06453275680541992 0.13427047431468964
0 0.9208915829658508 0.2803139090538025 0.14943061769008636 0.2833935618400574
0 0.30998268723487854 0.3053223788738251 0.23062503337860107 0.31601250171661377
0 0.7480157017707825 0.25536441802978516 0.04899447411298752 0.14568227529525757
0 0.5311884880065918 0.21312320232391357 0.05135535076260567 0.07360273599624634
0 0.8952642679214478 0.1798545867204666 0.09615659713745117 0.10282377898693085
0 0.5991336703300476 0.21249374747276306 0.02917380817234516 0.04854565113782883
0 0.5991944670677185 0.22795838117599487 0.03343953564763069 0.08267967402935028
0 0.598696768283844 0.21499091386795044 0.030153412371873856 0.05439584329724312
0 0.535581111907959 0.2215554416179657 0.06166689842939377 0.08422722667455673
0 0.5988382697105408 0.2269895076751709 0.034135159105062485 0.07836828380823135
0 0.5988954305648804 0.21402396261692047 0.030599456280469894 0.05172593146562576
0 0.5350310802459717 0.22032463550567627 0.06151331588625908 0.08428262919187546
0 0.5990938544273376 0.21163742244243622 0.02923065423965454 0.0455726720392704
0 0.38213998079299927 0.3138144910335541 0.14132830500602722 0.2993464469909668
0 0.598934531211853 0.2119007110595703 0.030278025195002556 0.04723891243338585
0 0.3848467469215393 0.3220099210739136 0.12664707005023956 0.29512467980384827
