0 0.36671531200408936 0.848757803440094 0.04084997996687889 0.1660226732492447
0 0.6423813700675964 0.8280404210090637 0.034594375640153885 0.11542858928442001
0 0.27149051427841187 0.8708065152168274 0.02933807298541069 0.12867416441440582
0 0.3188367486000061 0.8626686930656433 0.03775150701403618 0.1514437198638916
0 0.41819465160369873 0.8941409587860107 0.03830146789550781 0.1696978509426117
0 0.44835397601127625 0.9006174802780151 0.03315646946430206 0.15067952871322632
0 0.8111354112625122 0.9072853922843933 0.08778434246778488 0.18449464440345764
0 0.5722991228103638 0.8678276538848877 0.042840927839279175 0.1413065642118454
0 0.5677310824394226 0.8674007058143616 0.06581954658031464 0.13769860565662384
0 0.5195146799087524 0.6882764101028442 0.019090447574853897 0.07585093379020691
0 0.7941576242446899 0.906084418296814 0.059751011431217194 0.18717017769813538
0 0.5920735001564026 0.8659107685089111 0.021222686395049095 0.1302342414855957
0 0.593418300151825 0.8670831322669983 0.02193409763276577 0.12566043436527252
0 0.5927867889404297 0.8656768798828125 0.021394524723291397 0.1296970397233963
