0 0.6224551796913147 0.4516438841819763 0.11134742200374603 0.2551540434360504
0 0.9034743905067444 0.5884163975715637 0.18305739760398865 0.3459465205669403
0 0.7369860410690308 0.5612228512763977 0.12006557732820511 0.3168683648109436
0 0.17840734124183655 0.4786178767681122 0.1499684900045395 0.227179616689682
0 0.6747010946273804 0.336415559053421 0.06942643970251083 0.11919356137514114
0 0.3868260979652405 0.3897688686847687 0.08935514092445374 0.15168437361717224
0 0.4350600838661194 0.339200496673584 0.04727065563201904 0.12422799319028854
0 0.24348071217536926 0.4460503160953522 0.08827214688062668 0.18719561398029327
0 0.7164404392242432 0.31757086515426636 0.04732588306069374 0.10859624296426773
0 0.8407008647918701 0.5408446192741394 0.09725882112979889 0.2817750871181488
0 0.8453271389007568 0.4540117681026459 0.09274306893348694 0.10266450047492981
0 0.6798993349075317 0.4933735430240631 0.07326073944568634 0.18758003413677216
0 0.13436275720596313 0.3490518033504486 0.06621119379997253 0.07249792665243149
0 0.6709064245223999 0.5114527940750122 0.0821586549282074 0.22117233276367188
