0 0.7645988464355469 0.409911572933197 0.14623694121837616 0.2000095397233963
0 0.19072823226451874 0.3950326144695282 0.22558853030204773 0.5883991122245789
0 0.07273409515619278 0.32027360796928406 0.059239357709884644 0.15233764052391052
0 0.9427116513252258 0.44226717948913574 0.11395543068647385 0.1334240883588791
0 0.31165024638175964 0.3858585059642792 0.13364921510219574 0.43175697326660156
0 0.439678430557251 0.3828299343585968 0.1530330628156662 0.3926386833190918
0 0.5265367031097412 0.349010169506073 0.061095643788576126 0.1835053712129593
0 0.03590451180934906 0.48697829246520996 0.07180902361869812 0.6568453311920166
0 0.0311393141746521 0.528725802898407 0.0622786283493042 0.5242505073547363
0 0.46270498633384705 0.40025457739830017 0.11564648896455765 0.33894357085227966
0 0.397226482629776 0.3800279200077057 0.0746699795126915 0.3699497878551483
