0 0.08751951903104782 0.8279595971107483 0.12293235957622528 0.3337894678115845
0 0.4095541834831238 0.7748182415962219 0.1151709258556366 0.3061264753341675
0 0.5906133651733398 0.35316377878189087 0.06952016800642014 0.2639262080192566
0 0.703377902507782 0.8051450848579407 0.1034211590886116 0.3174212872982025
0 0.6883295774459839 0.3604293763637543 0.07502326369285583 0.21370379626750946
0 0.7559133768081665 0.3251301646232605 0.06389672309160233 0.2078651785850525
0 0.7219479084014893 0.7039974927902222 0.16964761912822723 0.40360140800476074
0 0.7926562428474426 0.12264921516180038 0.08380391448736191 0.22952060401439667
0 0.7542572617530823 0.711637556552887 0.10684548318386078 0.4109714925289154
0 0.029330195859074593 0.8663566708564758 0.058660391718149185 0.26077285408973694
0 0.7226154208183289 0.2881263196468353 0.0673869177699089 0.2833903431892395
0 0.7220239043235779 0.27777206897735596 0.06717011332511902 0.2638387680053711
0 0.7221480011940002 0.27422386407852173 0.06716720014810562 0.2593705654144287
0 0.7223067879676819 0.2903362810611725 0.06827080249786377 0.2913033962249756
0 0.7219048738479614 0.2803349494934082 0.06625882536172867 0.2689538598060608
