0 0.8063247203826904 0.8706026673316956 0.23998987674713135 0.25775912404060364
0 0.24027860164642334 0.8365808725357056 0.1804211139678955 0.3264974057674408
0 0.9467208385467529 0.8484824299812317 0.1061362624168396 0.30134299397468567
0 0.2664133310317993 0.8969916105270386 0.1876082718372345 0.20465166866779327
0 0.13534586131572723 0.8026511073112488 0.16334693133831024 0.39336875081062317
0 0.6876603364944458 0.8584704399108887 0.11242400109767914 0.2826926112174988
0 0.4590694010257721 0.8359009623527527 0.1950601488351822 0.3272033631801605
0 0.6040735244750977 0.9367638230323792 0.08559922128915787 0.12571591138839722
0 0.03462216630578041 0.748060941696167 0.05863891914486885 0.16564173996448517
0 0.03548916056752205 0.8818561434745789 0.06997201591730118 0.23470865190029144
0 0.5250632762908936 0.855320394039154 0.09358902275562286 0.2859208285808563
