0 0.08658360689878464 0.8077927827835083 0.1411662995815277 0.3715662658214569
0 0.8334515690803528 0.708763837814331 0.1838919222354889 0.5172592997550964
0 0.7400383353233337 0.7839221954345703 0.12149665504693985 0.3766435980796814
0 0.5452283024787903 0.4459589123725891 0.11193256080150604 0.32200857996940613
0 0.7527677416801453 0.19951073825359344 0.08720948547124863 0.2813464403152466
0 0.664971649646759 0.5311322808265686 0.10576629638671875 0.3282151222229004
0 0.6896049976348877 0.3425975441932678 0.09258750081062317 0.2560569941997528
0 0.6251906752586365 0.4658046364784241 0.0703044980764389 0.2687065005302429
0 0.7544023990631104 0.4145635664463043 0.07119996845722198 0.19579057395458221
0 0.6089699864387512 0.39997395873069763 0.046820998191833496 0.15639178454875946
0 0.8710606098175049 0.5294032692909241 0.11176757514476776 0.21099191904067993
