0 0.8938961625099182 0.7890958189964294 0.0741528645157814 0.12858904898166656
0 0.4786130487918854 0.7200154662132263 0.05472971498966217 0.11180572211742401
0 0.5506629943847656 0.7326889634132385 0.05268656462430954 0.10363675653934479
0 0.43798452615737915 0.7141631841659546 0.0393904447555542 0.09006834775209427
0 0.4044472575187683 0.7143417596817017 0.03972790017724037 0.09059600532054901
0 0.9496832489967346 0.7820551991462708 0.05678123980760574 0.09500385820865631
0 0.3123510181903839 0.6955686211585999 0.0483979657292366 0.08374428749084473
0 0.5256296992301941 0.7272017002105713 0.03163733705878258 0.10284576565027237
0 0.8337352275848389 0.7499668002128601 0.032175466418266296 0.060401562601327896
0 0.9509075284004211 0.803606390953064 0.0581614188849926 0.1397406905889511
