0 0.6651179194450378 0.6012020707130432 0.04590199887752533 0.09250734746456146
0 0.3692818582057953 0.5877315998077393 0.05455717444419861 0.13625723123550415
0 0.9710015654563904 0.7041963934898376 0.05730927363038063 0.09843192249536514
0 0.7446962594985962 0.6236725449562073 0.059267640113830566 0.10436154901981354
0 0.2894687354564667 0.5705371499061584 0.030311329290270805 0.08461426943540573
0 0.4196555018424988 0.5731136202812195 0.040414389222860336 0.0843505859375
0 0.9227893352508545 0.6428465843200684 0.03512870520353317 0.08106260746717453
0 0.312290757894516 0.5690358281135559 0.028565334156155586 0.08637788891792297
0 0.19393743574619293 0.5625146627426147 0.046236831694841385 0.07662905007600784
0 0.6044113039970398 0.5845887660980225 0.02480316162109375 0.05474976822733879
0 0.22700031101703644 0.5404343605041504 0.026664596050977707 0.04541279748082161
