0 0.5698652863502502 0.5977200865745544 0.10863111168146133 0.14654123783111572
0 0.6280137300491333 0.6072238683700562 0.10147802531719208 0.15949378907680511
0 0.742763340473175 0.642594575881958 0.07676516473293304 0.09933359920978546
0 0.44372785091400146 0.5099189877510071 0.049440354108810425 0.07844755053520203
0 0.3562179207801819 0.4842487871646881 0.04974517971277237 0.07419298589229584
0 0.5224695205688477 0.5076550245285034 0.040409184992313385 0.07565823942422867
0 0.45957431197166443 0.5126339793205261 0.0567881278693676 0.07853924483060837
0 0.6857550144195557 0.6122206449508667 0.06761243939399719 0.1420193612575531
0 0.6049968600273132 0.605311930179596 0.14544528722763062 0.15799731016159058
0 0.6945807337760925 0.5838642716407776 0.05064978823065758 0.08130569756031036
0 0.47108036279678345 0.5129876732826233 0.049993231892585754 0.08003199845552444
0 0.5359216332435608 0.506564736366272 0.0550244078040123 0.08072192966938019
