0 0.5396223664283752 0.8233464360237122 0.24432219564914703 0.35131967067718506
0 0.27002909779548645 0.8613558411598206 0.0979928970336914 0.2765316367149353
0 0.16243399679660797 0.8940761089324951 0.09589587152004242 0.21184784173965454
0 0.9281299114227295 0.9050254821777344 0.14344406127929688 0.18896853923797607
0 0.33590948581695557 0.8838453888893127 0.06079092249274254 0.23026664555072784
0 0.07606939226388931 0.8970480561256409 0.10137492418289185 0.20464618504047394
0 0.7510097622871399 0.7356865406036377 0.04317242652177811 0.13508391380310059
0 0.3625016212463379 0.7610589265823364 0.027841905131936073 0.09587286412715912
0 0.8112697005271912 0.7323492765426636 0.040637969970703125 0.1360229253768921
0 0.6770064234733582 0.7028834223747253 0.022082533687353134 0.08319929242134094
0 0.7848410606384277 0.732943058013916 0.0317535400390625 0.1315261721611023
0 0.9436521530151367 0.666459321975708 0.01658286340534687 0.08600122481584549
0 0.658974289894104 0.7018058896064758 0.019693486392498016 0.08887392282485962
0 0.10870632529258728 0.7957125902175903 0.01540637481957674 0.05394131690263748
