0 0.22508469223976135 0.8675338625907898 0.16277189552783966 0.2644101679325104
0 0.08697280287742615 0.919912576675415 0.13642652332782745 0.1593729704618454
0 0.4065304696559906 0.5348007678985596 0.05504617467522621 0.16160021722316742
0 0.05328982323408127 0.6183779239654541 0.07255629450082779 0.22674722969532013
0 0.13008417189121246 0.647627055644989 0.06080799922347069 0.26653727889060974
0 0.26114872097969055 0.7080979943275452 0.10001817345619202 0.3190152645111084
0 0.49112462997436523 0.5307199954986572 0.03393060341477394 0.13877062499523163
0 0.46333691477775574 0.5342909693717957 0.034409910440444946 0.14839372038841248
0 0.5400401949882507 0.5120313167572021 0.039747435599565506 0.1351039558649063
0 0.18233539164066315 0.6887115836143494 0.08556315302848816 0.20028963685035706
0 0.4574081301689148 0.5325673222541809 0.038099274039268494 0.1416720747947693
0 0.5673929452896118 0.4953193664550781 0.02527453564107418 0.1056714653968811
0 0.36685481667518616 0.5305203199386597 0.03392895683646202 0.14412805438041687
0 0.17220138013362885 0.5290074944496155 0.028516922146081924 0.08750178664922714
0 0.4435917139053345 0.5179459452629089 0.023589905351400375 0.11941768229007721
0 0.013448367826640606 0.6709648370742798 0.026896735653281212 0.3294394910335541
