0 0.8362374901771545 0.5540669560432434 0.1358993947505951 0.24377553164958954
0 0.6202163100242615 0.5522717237472534 0.11614203453063965 0.27330267429351807
0 0.7018263339996338 0.533549964427948 0.1264728605747223 0.24277819693088531
0 0.9725118279457092 0.4936157166957855 0.05425954982638359 0.14587514102458954
0 0.41759949922561646 0.43179574608802795 0.03028462640941143 0.07820472866296768
0 0.44763749837875366 0.42917606234550476 0.03569570556282997 0.08142060786485672
0 0.8008913993835449 0.44334444403648376 0.035391390323638916 0.07202788442373276
0 0.3262256383895874 0.41787609457969666 0.04849129542708397 0.06743346154689789
0 0.7735002040863037 0.43592482805252075 0.03938880190253258 0.08143090456724167
0 0.4958733916282654 0.4059050977230072 0.025480026379227638 0.06483268737792969
0 0.47299492359161377 0.40553900599479675 0.02986207604408264 0.07009562104940414
