0 0.4170173406600952 0.5137313604354858 0.0774509534239769 0.11374723166227341
0 0.47293952107429504 0.5044240951538086 0.059657443314790726 0.10421697050333023
0 0.8253215551376343 0.4111024737358093 0.10006588697433472 0.13225781917572021
0 0.8447138667106628 0.4077671766281128 0.06564433127641678 0.1339300274848938
0 0.3654719293117523 0.5017102360725403 0.04764161631464958 0.07990722358226776
0 0.31820404529571533 0.5313029885292053 0.055593814700841904 0.08351191133260727
0 0.29247015714645386 0.5367718935012817 0.04646313190460205 0.081827312707901
0 0.922786295413971 0.35774868726730347 0.06063060089945793 0.09734420478343964
0 0.8620337843894958 0.4038070738315582 0.09891850501298904 0.1356218457221985
0 0.753174364566803 0.3970888555049896 0.06109650433063507 0.07324057072401047
