0 0.13809721171855927 0.47224709391593933 0.06068061292171478 0.12386776506900787
0 0.951126754283905 0.47391268610954285 0.08653439581394196 0.19356782734394073
0 0.49124208092689514 0.4405013918876648 0.04398995265364647 0.09535176306962967
0 0.7512191534042358 0.46204259991645813 0.07919186353683472 0.127599835395813
0 0.24673351645469666 0.45784565806388855 0.04622305929660797 0.08960133790969849
0 0.4058254063129425 0.42243528366088867 0.0216370802372694 0.05463864281773567
0 0.4305823743343353 0.43153589963912964 0.034033242613077164 0.07681121677160263
0 0.08088389039039612 0.46498435735702515 0.033195920288562775 0.08825589716434479
0 0.5466216802597046 0.43664517998695374 0.039555203169584274 0.0782085731625557
0 0.08276756852865219 0.4647967517375946 0.034689806401729584 0.08873482048511505
0 0.08346746116876602 0.4623353183269501 0.035122428089380264 0.09428194165229797
0 0.08175092935562134 0.4663979113101959 0.031969357281923294 0.08692377805709839
0 0.08046693354845047 0.4650835692882538 0.03176495432853699 0.0888761654496193
0 0.08160663396120071 0.46502286195755005 0.031889934092760086 0.08859860152006149
0 0.011481239460408688 0.4591875672340393 0.02294738218188286 0.0863630473613739
0 0.08115111291408539 0.4644603431224823 0.03559722751379013 0.0871150940656662
0 0.010814826004207134 0.4582993686199188 0.02155114710330963 0.08248373121023178
0 0.08169829845428467 0.4634650647640228 0.03283517807722092 0.09202085435390472
