0 0.9096512198448181 0.6745346784591675 0.1796317845582962 0.2507724463939667
0 0.32659628987312317 0.5361860990524292 0.05664774402976036 0.11059338599443436
0 0.8386040925979614 0.6308128833770752 0.09259729832410812 0.1783888041973114
0 0.24271954596042633 0.508984386920929 0.02924969047307968 0.08316289633512497
0 0.97015380859375 0.6444720029830933 0.059173036366701126 0.195046529173851
0 0.14735406637191772 0.4889383614063263 0.04920753091573715 0.07322901487350464
0 0.9702033996582031 0.610974133014679 0.0588579997420311 0.12608273327350616
0 0.27711722254753113 0.5508069396018982 0.0547511950135231 0.11573334038257599
0 0.27812105417251587 0.54742830991745 0.059172939509153366 0.11813944578170776
0 0.27843189239501953 0.5450145602226257 0.05344562977552414 0.10507413744926453
