0 0.15021565556526184 0.7028617262840271 0.2989429831504822 0.571479082107544
0 0.6776652932167053 0.6648348569869995 0.24598529934883118 0.45007967948913574
0 0.4534296691417694 0.7502915859222412 0.29674047231674194 0.48442554473876953
0 0.5964789986610413 0.5758042931556702 0.1927986890077591 0.45998063683509827
0 0.9427823424339294 0.7353637218475342 0.11392664164304733 0.5150962471961975
0 0.4089978039264679 0.3919384479522705 0.21301156282424927 0.3214917778968811
0 0.16984856128692627 0.24824316799640656 0.11070661246776581 0.19283437728881836
0 0.8493181467056274 0.8102595210075378 0.2273654341697693 0.3603462874889374
0 0.27471837401390076 0.5997650623321533 0.10689496248960495 0.4180086851119995
0 0.34114131331443787 0.7355978488922119 0.16476164758205414 0.5040053129196167
0 0.09504520893096924 0.5541795492172241 0.1889047473669052 0.4350666105747223
0 0.8803386092185974 0.34169313311576843 0.09985087811946869 0.24058540165424347
0 0.9607284069061279 0.3078879415988922 0.07715986669063568 0.1703803390264511
0 0.3199616074562073 0.2387247383594513 0.0755758062005043 0.15033665299415588
0 0.7731465697288513 0.49946311116218567 0.14515265822410583 0.27031800150871277
0 0.7040776014328003 0.900222659111023 0.22391927242279053 0.1930278241634369
0 0.9627386927604675 0.3964790403842926 0.07402283698320389 0.13914379477500916
0 0.060336872935295105 0.46576276421546936 0.06336448341608047 0.19985930621623993
0 0.051768671721220016 0.5315553545951843 0.10331802070140839 0.3411746025085449
