0 0.9092182517051697 0.7180195450782776 0.18045389652252197 0.5468865036964417
0 0.6906887888908386 0.6988160610198975 0.1836487501859665 0.5861955881118774
0 0.11022920161485672 0.7510387897491455 0.11022619903087616 0.4828778803348541
0 0.4466284513473511 0.7330196499824524 0.3166162371635437 0.5174437761306763
0 0.24302057921886444 0.7296500205993652 0.11293220520019531 0.5150038599967957
0 0.03596322238445282 0.7199453115463257 0.07186868786811829 0.3865390121936798
0 0.5894357562065125 0.6291312575340271 0.045291315764188766 0.2309403270483017
0 0.8133031129837036 0.6289978623390198 0.056154023855924606 0.21829423308372498
0 0.5534921884536743 0.5861502289772034 0.035023029893636703 0.15295523405075073
0 0.1712358295917511 0.6381013989448547 0.044080644845962524 0.23275087773799896
0 0.7662546634674072 0.6442060470581055 0.05811604484915733 0.29688090085983276
0 0.34984633326530457 0.6345078945159912 0.10096798837184906 0.24846205115318298
0 0.2909530997276306 0.582585334777832 0.05768200382590294 0.18959511816501617
0 0.850136399269104 0.5690473914146423 0.03729139640927315 0.13028408586978912
0 0.42269954085350037 0.579728364944458 0.06787485629320145 0.20209860801696777
0 0.2909336984157562 0.6617525219917297 0.06063222140073776 0.34667956829071045
0 0.7675246596336365 0.627974808216095 0.043208908289670944 0.19025038182735443
0 0.5553550720214844 0.6261465549468994 0.039605025202035904 0.2304583638906479
0 0.3661748468875885 0.6147796511650085 0.06704644113779068 0.20716024935245514
