0 0.11417246609926224 0.6393297910690308 0.08694829791784286 0.36208096146583557
0 0.9666104912757874 0.6616379618644714 0.06314925104379654 0.34824037551879883
0 0.7311815619468689 0.6457293629646301 0.06568825244903564 0.316731721162796
0 0.3811134099960327 0.6374756693840027 0.10775550454854965 0.280915230512619
0 0.66195148229599 0.6152738928794861 0.06746137887239456 0.195185586810112
0 0.7953131198883057 0.6120705604553223 0.05100119486451149 0.2742207646369934
0 0.18956515192985535 0.6400936841964722 0.045230209827423096 0.25007033348083496
0 0.29056793451309204 0.6063183546066284 0.06791368126869202 0.23131540417671204
0 0.8396803736686707 0.6070096492767334 0.05482235178351402 0.24639061093330383
0 0.5532407760620117 0.5890768766403198 0.049561142921447754 0.16962242126464844
0 0.04863188788294792 0.6075289845466614 0.058130066841840744 0.1907210499048233
0 0.6157693266868591 0.5842282772064209 0.041548799723386765 0.1720954328775406
0 0.8986899852752686 0.6055726408958435 0.05756111443042755 0.2048180103302002
0 0.7562478184700012 0.6120237112045288 0.03877726569771767 0.2081855684518814
0 0.586072564125061 0.5882552862167358 0.03163355961441994 0.15657876431941986
0 0.47769004106521606 0.600523829460144 0.04207907244563103 0.1943807452917099
0 0.6856808066368103 0.5955719947814941 0.03503761440515518 0.17382284998893738
0 0.42567455768585205 0.5984309315681458 0.03767997398972511 0.1814994364976883
