0 0.9519229531288147 0.6303052306175232 0.09615404903888702 0.1611076295375824
0 0.237606942653656 0.6771697998046875 0.1359962821006775 0.17722219228744507
0 0.8505756258964539 0.6106727123260498 0.09606891125440598 0.13075825572013855
0 0.5946592092514038 0.5431343913078308 0.03941696509718895 0.0809098482131958
0 0.4523012042045593 0.6545084714889526 0.06881998479366302 0.16315767168998718
0 0.6325008869171143 0.5424207448959351 0.0427265465259552 0.08192036300897598
0 0.4140201210975647 0.675779402256012 0.07131252437829971 0.14659950137138367
0 0.36466726660728455 0.62554931640625 0.0748138427734375 0.14176227152347565
0 0.5518543720245361 0.5311627984046936 0.03976840153336525 0.0714266374707222
0 0.8422484397888184 0.5558291673660278 0.049194518476724625 0.08050117641687393
0 0.4043155908584595 0.5316796898841858 0.03182078152894974 0.07318014651536942
0 0.1289975345134735 0.528805136680603 0.05071348696947098 0.05596407130360603
0 0.3714563548564911 0.611739456653595 0.07151056081056595 0.1151508167386055
0 0.9803981184959412 0.5321566462516785 0.0381084606051445 0.04803301393985748
0 0.4924224317073822 0.5228574275970459 0.03635137155652046 0.06653199344873428
