0 0.3504052460193634 0.7018366456031799 0.10873495787382126 0.17541009187698364
0 0.7479868531227112 0.6561988592147827 0.09303072094917297 0.17225605249404907
0 0.44078126549720764 0.6345506906509399 0.11234467476606369 0.17146927118301392
0 0.6364390254020691 0.6510940194129944 0.11675036698579788 0.1924564242362976
0 0.6995036005973816 0.31260472536087036 0.09454628080129623 0.12999790906906128
0 0.3866257071495056 0.4494331181049347 0.09356346726417542 0.14445973932743073
0 0.15180806815624237 0.42609894275665283 0.07668942213058472 0.13892680406570435
0 0.18080638349056244 0.7725050449371338 0.12996052205562592 0.1718401461839676
0 0.20481643080711365 0.2780299186706543 0.06348126381635666 0.12077741324901581
0 0.8974555730819702 0.39750435948371887 0.08942843973636627 0.1492413580417633
0 0.7995941638946533 0.28841012716293335 0.06757622957229614 0.10819239914417267
0 0.8693833351135254 0.3147124648094177 0.07307681441307068 0.11352411657571793
0 0.46430423855781555 0.4648226499557495 0.07581011205911636 0.1506185382604599
0 0.4373622536659241 0.0462772361934185 0.04385047405958176 0.08298854529857635
0 0.26183342933654785 0.2828786075115204 0.055328864604234695 0.10423832386732101
0 0.6341919302940369 0.5310255885124207 0.10848885774612427 0.1121923178434372
0 0.6449555158615112 0.25852933526039124 0.05135522037744522 0.11694029718637466
0 0.039918169379234314 0.44354069232940674 0.07983633875846863 0.16061073541641235
0 0.07429977506399155 0.7386631965637207 0.13914716243743896 0.25153648853302
0 0.3139828145503998 0.2923794090747833 0.068322092294693 0.10806073993444443
0 0.5070667862892151 0.3759113848209381 0.06457901000976562 0.14041702449321747
0 0.6030207872390747 0.8170117735862732 0.14827081561088562 0.16062206029891968
0 0.2990519106388092 0.2155960500240326 0.07230860739946365 0.07830256968736649
0 0.9627448320388794 0.36443814635276794 0.07276435941457748 0.12766946852207184
0 0.6455116868019104 0.9449320435523987 0.12677450478076935 0.10939289629459381
0 0.3154609799385071 0.11697252094745636 0.04734678566455841 0.08303960412740707
0 0.9533382058143616 0.12111162394285202 0.051318272948265076 0.08100982010364532
0 0.22256870567798615 0.05661394074559212 0.04599624127149582 0.07980452477931976
0 0.9051106572151184 0.9418122172355652 0.17769558727741241 0.1158519759774208
