19 0.727500 0.609050 0.543333 0.589021
19 0.294583 0.399110 0.434167 0.433234
19 0.887083 0.725519 0.224167 0.528190
19 0.478750 0.504451 0.445833 0.522255
19 0.174583 0.776706 0.347500 0.416914
19 0.861667 0.209941 0.276667 0.286350
19 0.150000 0.360534 0.300000 0.385757
19 0.525417 0.137240 0.272500 0.221068
19 0.467083 0.885015 0.585833 0.203264
19 0.695833 0.181751 0.303333 0.262611
19 0.959583 0.296736 0.079167 0.243323
19 0.081667 0.218101 0.163333 0.169139
19 0.111250 0.063798 0.219167 0.124629
19 0.343333 0.106825 0.326667 0.186944