0 0.060570 0.524155 0.121141 0.476080
0 0.931310 0.684577 0.135220 0.625975
0 0.408602 0.415252 0.064717 0.160981
0 0.312119 0.391023 0.071536 0.149183
0 0.503743 0.377969 0.056841 0.111011
0 0.828530 0.548112 0.199082 0.399367
0 0.934141 0.412249 0.076226 0.157700
0 0.215760 0.367355 0.050199 0.066072
0 0.786458 0.410576 0.120418 0.215368
0 0.449516 0.380466 0.038753 0.094259
0 0.585298 0.364200 0.025107 0.061220
0 0.166648 0.378666 0.056208 0.088008
0 0.166559 0.364369 0.052062 0.056220
0 0.682623 0.384362 0.078939 0.118225
