0 0.142544 0.821259 0.165885 0.355423
0 0.453081 0.559707 0.047651 0.272849
0 0.197921 0.656241 0.062169 0.260954
0 0.113843 0.631511 0.089185 0.367861
0 0.951572 0.762938 0.096426 0.453982
0 0.693584 0.514524 0.027005 0.157675
0 0.497311 0.586720 0.053695 0.301466
0 0.596842 0.501968 0.028851 0.187585
0 0.051518 0.647582 0.057820 0.383022
0 0.404954 0.523993 0.033000 0.167144
0 0.528361 0.520971 0.026457 0.168632
0 0.250613 0.666727 0.043219 0.172952
0 0.729993 0.493956 0.030572 0.190046
0 0.566149 0.512726 0.028108 0.171847
0 0.341507 0.502605 0.022772 0.132378
0 0.566879 0.512469 0.028642 0.175126
0 0.020779 0.594702 0.024664 0.193931
0 0.566293 0.514134 0.027860 0.169059
