0 0.150216 0.702862 0.298943 0.571479
0 0.677665 0.664835 0.245985 0.450080
0 0.453430 0.750292 0.296740 0.484426
0 0.596479 0.575804 0.192799 0.459981
0 0.942782 0.735364 0.113927 0.515096
0 0.408998 0.391938 0.213012 0.321492
0 0.169849 0.248243 0.110707 0.192834
0 0.849318 0.810260 0.227365 0.360346
0 0.274718 0.599765 0.106895 0.418009
0 0.341141 0.735598 0.164762 0.504005
0 0.095045 0.554180 0.188905 0.435067
0 0.880339 0.341693 0.099851 0.240585
0 0.960728 0.307888 0.077160 0.170380
0 0.319962 0.238725 0.075576 0.150337
0 0.773147 0.499463 0.145153 0.270318
0 0.704078 0.900223 0.223919 0.193028
0 0.962739 0.396479 0.074023 0.139144
0 0.060337 0.465763 0.063364 0.199859
0 0.051769 0.531555 0.103318 0.341175
