0 0.225085 0.867534 0.162772 0.264410
0 0.086973 0.919913 0.136427 0.159373
0 0.406530 0.534801 0.055046 0.161600
0 0.053290 0.618378 0.072556 0.226747
0 0.130084 0.647627 0.060808 0.266537
0 0.261149 0.708098 0.100018 0.319015
0 0.491125 0.530720 0.033931 0.138771
0 0.463337 0.534291 0.034410 0.148394
0 0.540040 0.512031 0.039747 0.135104
0 0.182335 0.688712 0.085563 0.200290
0 0.457408 0.532567 0.038099 0.141672
0 0.567393 0.495319 0.025275 0.105671
0 0.366855 0.530520 0.033929 0.144128
0 0.172201 0.529007 0.028517 0.087502
0 0.443592 0.517946 0.023590 0.119418
0 0.013448 0.670965 0.026897 0.329439
