0 0.909218 0.718020 0.180454 0.546887
0 0.690689 0.698816 0.183649 0.586196
0 0.110229 0.751039 0.110226 0.482878
0 0.446628 0.733020 0.316616 0.517444
0 0.243021 0.729650 0.112932 0.515004
0 0.035963 0.719945 0.071869 0.386539
0 0.589436 0.629131 0.045291 0.230940
0 0.813303 0.628998 0.056154 0.218294
0 0.553492 0.586150 0.035023 0.152955
0 0.171236 0.638101 0.044081 0.232751
0 0.766255 0.644206 0.058116 0.296881
0 0.349846 0.634508 0.100968 0.248462
0 0.290953 0.582585 0.057682 0.189595
0 0.850136 0.569047 0.037291 0.130284
0 0.422700 0.579728 0.067875 0.202099
0 0.290934 0.661753 0.060632 0.346680
0 0.767525 0.627975 0.043209 0.190250
0 0.555355 0.626147 0.039605 0.230458
0 0.366175 0.614780 0.067046 0.207160
