0 0.350405 0.701837 0.108735 0.175410
0 0.747987 0.656199 0.093031 0.172256
0 0.440781 0.634551 0.112345 0.171469
0 0.636439 0.651094 0.116750 0.192456
0 0.699504 0.312605 0.094546 0.129998
0 0.386626 0.449433 0.093563 0.144460
0 0.151808 0.426099 0.076689 0.138927
0 0.180806 0.772505 0.129961 0.171840
0 0.204816 0.278030 0.063481 0.120777
0 0.897456 0.397504 0.089428 0.149241
0 0.799594 0.288410 0.067576 0.108192
0 0.869383 0.314712 0.073077 0.113524
0 0.464304 0.464823 0.075810 0.150619
0 0.437362 0.046277 0.043850 0.082989
0 0.261833 0.282879 0.055329 0.104238
0 0.634192 0.531026 0.108489 0.112192
0 0.644956 0.258529 0.051355 0.116940
0 0.039918 0.443541 0.079836 0.160611
0 0.074300 0.738663 0.139147 0.251536
0 0.313983 0.292379 0.068322 0.108061
0 0.507067 0.375911 0.064579 0.140417
0 0.603021 0.817012 0.148271 0.160622
0 0.299052 0.215596 0.072309 0.078303
0 0.962745 0.364438 0.072764 0.127669
0 0.645512 0.944932 0.126775 0.109393
0 0.315461 0.116973 0.047347 0.083040
0 0.953338 0.121112 0.051318 0.081010
0 0.222569 0.056614 0.045996 0.079805
0 0.905111 0.941812 0.177696 0.115852
