0 0.080646 0.331319 0.158552 0.331121
0 0.474325 0.260391 0.131067 0.187891
0 0.639997 0.247354 0.064533 0.134270
0 0.920892 0.280314 0.149431 0.283394
0 0.309983 0.305322 0.230625 0.316013
0 0.748016 0.255364 0.048994 0.145682
0 0.531188 0.213123 0.051355 0.073603
0 0.895264 0.179855 0.096157 0.102824
0 0.599134 0.212494 0.029174 0.048546
0 0.599194 0.227958 0.033440 0.082680
0 0.598697 0.214991 0.030153 0.054396
0 0.535581 0.221555 0.061667 0.084227
0 0.598838 0.226990 0.034135 0.078368
0 0.598895 0.214024 0.030599 0.051726
0 0.535031 0.220325 0.061513 0.084283
0 0.599094 0.211637 0.029231 0.045573
0 0.382140 0.313814 0.141328 0.299346
0 0.598935 0.211901 0.030278 0.047239
0 0.384847 0.322010 0.126647 0.295125
