0 0.951923 0.630305 0.096154 0.161108
0 0.237607 0.677170 0.135996 0.177222
0 0.850576 0.610673 0.096069 0.130758
0 0.594659 0.543134 0.039417 0.080910
0 0.452301 0.654508 0.068820 0.163158
0 0.632501 0.542421 0.042727 0.081920
0 0.414020 0.675779 0.071313 0.146600
0 0.364667 0.625549 0.074814 0.141762
0 0.551854 0.531163 0.039768 0.071427
0 0.842248 0.555829 0.049195 0.080501
0 0.404316 0.531680 0.031821 0.073180
0 0.128998 0.528805 0.050713 0.055964
0 0.371456 0.611739 0.071511 0.115151
0 0.980398 0.532157 0.038108 0.048033
0 0.492422 0.522857 0.036351 0.066532
