0 0.247467 0.683704 0.232894 0.631982
0 0.132385 0.523952 0.109087 0.295782
0 0.689885 0.721190 0.174727 0.538058
0 0.828260 0.517631 0.118071 0.284278
0 0.595070 0.587587 0.118925 0.342472
0 0.906041 0.508944 0.105432 0.272328
0 0.516416 0.492727 0.064361 0.236490
0 0.331650 0.443182 0.061531 0.175357
0 0.396133 0.491648 0.063492 0.226777
0 0.064692 0.486387 0.095051 0.253720
0 0.979853 0.580116 0.039351 0.303968
0 0.442788 0.488265 0.078992 0.242973
0 0.170278 0.393092 0.037889 0.082914
0 0.587675 0.415343 0.052076 0.093383
0 0.028842 0.483912 0.056885 0.248323
