0 0.082143 0.690691 0.162768 0.603689
0 0.765020 0.576277 0.048732 0.300292
0 0.704910 0.580869 0.054241 0.303247
0 0.209584 0.711813 0.102191 0.563212
0 0.645342 0.524778 0.049715 0.189751
0 0.791616 0.554350 0.025668 0.203875
0 0.957132 0.654447 0.077119 0.469348
0 0.945330 0.637258 0.050043 0.440093
0 0.824692 0.556377 0.038456 0.259122
0 0.028622 0.512414 0.038770 0.213111
0 0.821389 0.560880 0.038845 0.252454
0 0.827160 0.558324 0.048044 0.258331
0 0.355043 0.516822 0.021294 0.116458
0 0.309585 0.519840 0.024285 0.142830
0 0.826985 0.559139 0.047281 0.258174
0 0.825166 0.554723 0.039007 0.265243
0 0.820528 0.561214 0.038858 0.252849
0 0.357239 0.515349 0.020635 0.114586
0 0.028629 0.550039 0.037678 0.133842
0 0.309502 0.520632 0.022645 0.139590
0 0.853147 0.551630 0.022270 0.235745
0 0.309341 0.522621 0.021915 0.138130
0 0.818991 0.560471 0.036792 0.254534
0 0.829402 0.557148 0.052366 0.261669
0 0.356160 0.515897 0.021092 0.114279
