0 0.539622 0.823346 0.244322 0.351320
0 0.270029 0.861356 0.097993 0.276532
0 0.162434 0.894076 0.095896 0.211848
0 0.928130 0.905025 0.143444 0.188969
0 0.335909 0.883845 0.060791 0.230267
0 0.076069 0.897048 0.101375 0.204646
0 0.751010 0.735687 0.043172 0.135084
0 0.362502 0.761059 0.027842 0.095873
0 0.811270 0.732349 0.040638 0.136023
0 0.677006 0.702883 0.022083 0.083199
0 0.784841 0.732943 0.031754 0.131526
0 0.943652 0.666459 0.016583 0.086001
0 0.658974 0.701806 0.019693 0.088874
0 0.108706 0.795713 0.015406 0.053941
