0 0.5421138405799866 0.3238210082054138 0.033946964889764786 0.0608726404607296
0 0.5424862504005432 0.3135431706905365 0.032259125262498856 0.040409162640571594
0 0.5429298281669617 0.3182337284088135 0.03763390704989433 0.04576211795210838
0 0.5105672478675842 0.44502347707748413 0.031725864857435226 0.03899794816970825
0 0.5108076930046082 0.26535552740097046 0.021304810419678688 0.041696734726428986
0 0.5108765363693237 0.26616615056991577 0.021756140515208244 0.042585186660289764
0 0.6923062205314636 0.2948347330093384 0.018180347979068756 0.04252753406763077
0 0.746770441532135 0.28289395570755005 0.032285552471876144 0.061295997351408005
0 0.7427405118942261 0.289869487285614 0.025398004800081253 0.05156320706009865
0 0.7435238361358643 0.28835803270339966 0.025030896067619324 0.053301457315683365
