0 0.087520 0.827960 0.122932 0.333789
0 0.409554 0.774818 0.115171 0.306126
0 0.590613 0.353164 0.069520 0.263926
0 0.703378 0.805145 0.103421 0.317421
0 0.688330 0.360429 0.075023 0.213704
0 0.755913 0.325130 0.063897 0.207865
0 0.721948 0.703997 0.169648 0.403601
0 0.792656 0.122649 0.083804 0.229521
0 0.754257 0.711638 0.106845 0.410971
0 0.029330 0.866357 0.058660 0.260773
0 0.722615 0.288126 0.067387 0.283390
0 0.722024 0.277772 0.067170 0.263839
0 0.722148 0.274224 0.067167 0.259371
0 0.722307 0.290336 0.068271 0.291303
0 0.721905 0.280335 0.066259 0.268954
