0 0.366715 0.848758 0.040850 0.166023
0 0.642381 0.828040 0.034594 0.115429
0 0.271491 0.870807 0.029338 0.128674
0 0.318837 0.862669 0.037752 0.151444
0 0.418195 0.894141 0.038301 0.169698
0 0.448354 0.900617 0.033156 0.150680
0 0.811135 0.907285 0.087784 0.184495
0 0.572299 0.867828 0.042841 0.141307
0 0.567731 0.867401 0.065820 0.137699
0 0.519515 0.688276 0.019090 0.075851
0 0.794158 0.906084 0.059751 0.187170
0 0.592074 0.865911 0.021223 0.130234
0 0.593418 0.867083 0.021934 0.125660
0 0.592787 0.865677 0.021395 0.129697
