0 0.483045 0.500348 0.067367 0.455135
0 0.290719 0.538432 0.088848 0.522641
0 0.946972 0.624045 0.105446 0.672398
0 0.194280 0.505569 0.109717 0.482283
0 0.577417 0.536376 0.085821 0.546000
0 0.759975 0.555539 0.098004 0.595967
0 0.378344 0.518686 0.077563 0.516182
0 0.103852 0.439612 0.093066 0.332987
0 0.813814 0.845058 0.186034 0.295713
0 0.854277 0.499379 0.119340 0.491794
0 0.667606 0.551689 0.092504 0.571011
0 0.532399 0.529596 0.050586 0.482134
0 0.411003 0.913108 0.189397 0.168816
0 0.164713 0.858718 0.220624 0.267039
0 0.433135 0.501787 0.052784 0.430982
0 0.037299 0.622558 0.074597 0.615800
0 0.244012 0.516888 0.053001 0.451989
0 0.616677 0.522954 0.048551 0.496619
0 0.130426 0.330271 0.048505 0.141320
0 0.423993 0.508663 0.038209 0.445319
0 0.129635 0.329073 0.046987 0.138637
0 0.332518 0.523027 0.041245 0.484575
0 0.424189 0.511962 0.040400 0.447132
0 0.131481 0.329340 0.051118 0.137397
0 0.131364 0.330682 0.051781 0.138211
0 0.130756 0.328661 0.050685 0.136166
0 0.134093 0.687983 0.140791 0.266448
0 0.131963 0.329196 0.051547 0.137266
0 0.516367 0.306144 0.035010 0.142042
