0 0.897666 0.662832 0.153983 0.266014
0 0.799942 0.583290 0.077409 0.171099
0 0.657278 0.592942 0.074041 0.179738
0 0.722796 0.586433 0.076465 0.174156
0 0.494281 0.530386 0.026583 0.076573
0 0.402492 0.522382 0.045625 0.070579
0 0.523533 0.526000 0.035527 0.081857
0 0.440499 0.523806 0.037008 0.056530
0 0.568761 0.502496 0.032105 0.072481
0 0.935257 0.532411 0.040077 0.088193
0 0.897129 0.507093 0.044703 0.062640
0 0.935367 0.532721 0.041119 0.088430
0 0.897414 0.505962 0.045895 0.061971
0 0.446215 0.526287 0.049611 0.060605
