0 0.161324 0.566507 0.076534 0.313880
0 0.612029 0.568687 0.067331 0.299800
0 0.971192 0.585618 0.057113 0.288218
0 0.877592 0.564837 0.083684 0.354038
0 0.475791 0.559083 0.066722 0.271535
0 0.809522 0.569953 0.082577 0.283875
0 0.422269 0.572225 0.048160 0.257315
0 0.274308 0.586253 0.078983 0.272324
0 0.942500 0.574978 0.051793 0.285816
0 0.737617 0.555457 0.078589 0.334680
0 0.656187 0.559275 0.046935 0.287884
0 0.518007 0.570195 0.066267 0.290776
0 0.040375 0.583438 0.070221 0.271246
0 0.383911 0.583762 0.077026 0.270762
0 0.230915 0.566976 0.063093 0.258581
0 0.325745 0.571457 0.062795 0.274911
